{
  "confusion_matrix": [
    [
      52993,
      1658,
      3153,
      637,
      1606,
      288,
      1809
    ],
    [
      1170,
      5979,
      308,
      245,
      96,
      5,
      0
    ],
    [
      1854,
      925,
      5824,
      20,
      298,
      1,
      9
    ],
    [
      983,
      246,
      31,
      6761,
      397,
      172,
      46
    ],
    [
      1298,
      14,
      345,
      712,
      7887,
      2,
      197
    ],
    [
      36,
      21,
      0,
      373,
      123,
      583,
      69
    ],
    [
      150,
      0,
      8,
      30,
      379,
      40,
      490
    ]
  ],
  "confusion_matrix_percentages": [
    [
      85.2745236869207,
      2.667996910401648,
      5.073699794026776,
      1.0250386199794026,
      2.5843202883625125,
      0.46343975283213185,
      2.910980947476828
    ],
    [
      14.994232987312571,
      76.6243752402922,
      3.94719979495066,
      3.139818018710752,
      1.2302960399846214,
      0.06407791874919902,
      0.0
    ],
    [
      20.759153510245213,
      10.357182846265815,
      65.21106259097526,
      0.2239390885679095,
      3.336692419661852,
      0.011196954428395476,
      0.10077258985555929
    ],
    [
      11.382584529874942,
      2.8485409911996293,
      0.3589624826308476,
      78.28855951829551,
      4.597035664659565,
      1.9916628068550255,
      0.5326540064844836
    ],
    [
      12.41511238641798,
      0.13390722142515543,
      3.2998565279770444,
      6.81013868962219,
      75.43758967001435,
      0.01912960306073649,
      1.884265901482544
    ],
    [
      2.987551867219917,
      1.7427385892116183,
      0.0,
      30.95435684647303,
      10.207468879668049,
      48.38174273858921,
      5.726141078838174
    ],
    [
      13.673655423883318,
      0.0,
      0.7292616226071102,
      2.734731084776664,
      34.54876937101185,
      3.646308113035551,
      44.667274384685506
    ]
  ],
  "labels": [
    "O",
    "B-ANSWER",
    "I-ANSWER",
    "B-QUESTION",
    "I-QUESTION",
    "B-HEADER",
    "I-HEADER"
  ],
  "label_mapping": {
    "0": "O",
    "1": "B-ANSWER",
    "2": "I-ANSWER",
    "3": "B-QUESTION",
    "4": "I-QUESTION",
    "5": "B-HEADER",
    "6": "I-HEADER"
  },
  "total_predictions": 100271
}